src/test/resources/gridTests/OQNux10S1day_20050712_x-135_X-105_y22_Y50.asc
ncols 121
nrows 113
xllcorner -135.0
yllcorner 22.0
cellsize 0.25
nodata_value -9999
[rows 64 to 95 of 113, columns 0 to 72 of 121]
-1.91289 -1.78726 -1.9849 -2.20704 -2.28614 -0.313721 -0.752374 -0.800986 -0.50956 -9999 -9999 -9999 -9999 -9999 -9999 -9999 -9999 -9999 -9999 -9999 -9999 -9999 -9999 -9999 -9999 -9999 -9999 1.68221 1.65054 1.75167 1.75677 1.82832 1.91061 1.99629 2.06169 2.22096 2.35849 2.70983 3.0139 3.31614 3.3763 3.699 3.93143 4.08266 4.18762 4.46303 4.67365 4.74928 4.78247 4.83864 4.72587 4.81187 4.10161 4.01367 3.485 3.29754 2.75253 2.43558 -9999 -9999 -9999 -9999 -9999 -9999 -9999 -9999 -9999 -9999 -9999 -9999 -9999 -9999 -9999
-2.41934 -2.37035 -2.49258 -2.47337 -2.61336 -1.06887 -0.930519 -1.04165 -1.06334 -9999 -9999 -9999 -9999 -9999 -9999 -9999 -9999 -9999 -9999 -9999 -9999 -9999 -9999 -9999 -9999 -9999 -9999 -9999 1.53608 1.61558 1.69677 1.57309 1.60672 1.78788 1.99003 2.1071 2.2334 2.45007 2.59188 2.80228 3.17198 3.34036 3.46105 3.77431 4.05521 4.42819 4.5749 4.68031 4.83449 4.90904 4.704 4.49084 3.949 3.86198 3.56669 3.4179 3.15991 3.17314 -9999 -9999 -9999 -9999 -9999 -0.0156977 -9999 -9999 -9999 -9999 -9999 -9999 -9999 -9999 -9999
-2.63016 -2.65153 -2.54391 -2.51525 -2.5658 -2.65461 -1.40288 -1.33744 -9999 -9999 -9999 -9999 -9999 -9999 -9999 -9999 -9999 -9999 -9999 -9999 -9999 -9999 -9999 -9999 -9999 -9999 -9999 -9999 -9999 1.51056 1.58827 1.36337 1.45693 1.57662 1.68072 1.79858 1.95531 2.04917 2.31596 2.82965 3.01455 3.43168 3.58424 3.75201 3.85239 4.17253 4.51399 4.66878 4.67252 4.63614 4.52318 4.2124 3.67106 3.49493 3.51485 3.5942 3.39592 3.17791 2.41042 1.48735 1.39372 1.23759 -9999 2.19581 2.66601 -9999 -9999 -9999 -9999 -9999 -9999 -9999 -9999
-2.71937 -2.79352 -2.67922 -2.62162 -2.55725 -2.5379 -1.70504 -9999 -9999 -9999 -9999 -9999 -9999 -9999 -9999 -9999 -9999 -9999 -9999 -9999 -9999 -9999 -9999 -9999 -9999 -9999 -9999 -9999 -9999 1.62214 1.28498 1.30564 1.3576 1.43071 1.46589 1.54849 1.79064 1.97257 2.152 2.75635 2.84485 3.07043 3.36985 3.7849 3.97881 4.20834 4.38675 4.68925 4.55965 4.44538 4.20221 4.21713 3.85593 3.44555 3.9194 4.19549 3.64437 3.22544 2.73386 1.97137 1.82173 2.0357 -9999 3.32267 2.77323 -9999 -9999 -9999 -9999 -9999 -9999 -9999 -9999
-2.87474 -2.62705 -2.64456 -2.5147 -2.35776 -2.15858 -1.85258 -9999 -9999 -9999 -9999 -9999 -9999 -9999 -9999 -9999 -9999 -9999 -9999 -9999 -9999 -9999 -9999 -9999 -9999 -9999 -9999 -9999 -9999 1.65728 1.27843 1.40093 1.26401 1.29349 1.35897 1.39797 1.61331 1.53363 1.75485 1.97487 2.23895 2.75568 3.05792 3.48644 3.78192 4.1026 4.36201 4.53024 4.57841 4.54419 4.11226 3.97354 3.73955 3.96033 4.202 4.20217 3.95377 4.02021 3.4389 2.70144 2.1894 1.99233 -9999 -9999 1.80931 -9999 -9999 -9999 1.90096 2.06395 -0.944486 -9999 -9999
-2.82598 -2.71469 -2.28407 -2.29543 -2.15013 -2.19023 -2.12385 -9999 -9999 -9999 -9999 -9999 -9999 -9999 -9999 -9999 -9999 -9999 -9999 -9999 -9999 -9999 -9999 -9999 -9999 -9999 -9999 -9999 -9999 1.15258 0.799836 0.90115 0.388723 0.889063 1.18534 1.20895 1.29384 1.23625 1.53375 1.86063 2.04764 2.55302 2.87607 3.29319 3.39812 3.64369 3.96353 4.36296 4.21701 4.28787 4.32723 3.98276 3.60857 3.99254 4.14048 4.0836 4.18999 4.01964 3.87368 3.30894 2.8433 1.92038 1.74885 1.97472 1.81815 0.359026 -9999 -9999 1.52554 1.28921 0.00434837 -9999 -9999
-2.94333 -2.91611 -2.81051 -2.5374 -2.32144 -2.45295 -2.4285 -9999 -9999 -9999 -9999 -9999 -9999 -9999 -9999 -9999 -9999 -9999 -9999 -9999 -9999 -9999 -9999 -9999 -9999 -9999 -9999 -9999 -9999 -9999 0.297066 0.242992 0.234392 0.367216 0.489803 0.690781 0.718008 0.989639 1.38012 1.69207 1.80916 1.92802 2.38535 2.80639 3.40091 3.64673 3.85853 3.86511 3.91765 4.13601 4.25073 4.15657 4.14395 3.5242 3.86231 3.94437 4.08153 4.05463 3.95739 3.62792 2.9613 2.62892 0.73732 1.98386 1.69505 1.09968 1.07404 -9999 0.775499 1.11149 2.33943 -9999 -9999
-3.23519 -3.16619 -2.90234 -2.76744 -2.83748 -2.8864 -2.7245 -9999 -9999 -9999 -9999 -9999 -9999 -9999 -9999 -9999 -9999 -9999 -9999 -9999 -9999 -9999 -9999 -9999 -9999 -9999 -9999 -9999 -9999 -9999 0.0576727 0.00836857 0.0436823 0.0415307 0.0787453 0.277404 0.360162 0.322318 0.714326 1.02082 1.54147 1.76703 1.97236 2.74734 3.19378 3.77539 3.87153 3.75703 3.88228 4.09018 4.01743 4.18017 3.898 3.47096 3.87677 3.78771 4.01643 4.02472 3.95844 3.85297 3.84445 2.92899 1.76821 2.14637 2.14806 1.84482 1.42611 1.4694 1.20065 1.16556 0.623623 -9999 -9999
-3.6193 -3.64184 -3.57299 -3.0606 -3.14831 -3.13329 -3.1592 -9999 -9999 -9999 -9999 -9999 -9999 -9999 -9999 -9999 -9999 -9999 -9999 -9999 -9999 -9999 -9999 -9999 -9999 -9999 -9999 -9999 -9999 -9999 -0.601129 -0.210212 -0.235542 -0.274827 -0.293169 -0.0945958 -0.117548 -0.164198 0.474367 0.5991 1.21604 1.5066 1.7197 2.26882 2.72119 3.38702 3.6909 3.8717 3.88176 3.90574 4.17605 3.82443 3.64048 3.58958 3.62814 3.58875 3.98119 4.08871 3.85151 3.74333 3.91474 2.81833 2.04876 1.41714 1.20184 1.41957 1.91067 1.93802 1.45195 0.756478 0.210523 1.07781 -9999
-3.84794 -3.91067 -3.6659 -3.26712 -3.29578 -3.51758 -3.43267 -9999 -9999 -9999 -9999 -9999 -9999 -9999 -9999 -9999 -9999 -9999 -9999 -9999 -9999 -9999 -9999 -9999 -9999 -9999 -9999 -9999 -9999 -2.10933 -1.83787 -0.895582 -0.875372 -0.854632 -0.715881 -0.57576 -0.709869 -0.421549 0.028941 0.267122 0.818367 0.950141 1.35515 1.79082 2.4313 3.14962 3.55072 3.80544 3.77422 3.93692 3.86215 3.83361 3.887 3.84578 3.80066 3.95589 3.96854 3.94001 3.72379 3.72358 3.46538 2.72947 2.11114 1.84822 2.06486 1.61996 2.1674 1.67255 0.454183 0.0268177 0.528716 1.51544 1.75549
-4.01962 -3.95938 -4.15261 -3.93773 -3.48822 -3.61157 -3.43213 -9999 -9999 -9999 -9999 -9999 -9999 -9999 -9999 -9999 -9999 -9999 -9999 -9999 -9999 -9999 -9999 -9999 -9999 -9999 -9999 -9999 -9999 -2.2487 -2.23875 -2.33979 -1.29787 -1.31451 -1.32773 -1.44727 -1.29476 -1.25786 -0.323283 -0.13988 0.204761 0.52397 1.21975 1.53653 2.29968 2.81513 3.32115 3.63054 3.83454 3.96695 3.98353 3.8797 3.9084 3.9245 3.98887 4.21217 3.92565 3.87958 3.77799 3.54608 3.34843 3.24819 2.78802 2.46157 2.62913 2.48708 2.10605 0.896733 1.46573 1.99536 1.52402 -0.117468 -0.177811
-3.86274 -3.80344 -3.8093 -3.5979 -3.50377 -3.59637 -3.04727 -2.93008 -9999 -9999 -9999 -9999 -9999 -9999 -9999 -9999 -9999 -9999 -9999 -9999 -9999 -9999 -9999 -9999 -9999 -9999 -9999 -9999 -9999 -2.41977 -2.36715 -2.62004 -1.58994 -1.56924 -1.61688 -1.47536 -1.37534 -1.12376 -0.743547 -0.371941 -0.127621 0.451097 0.865812 1.10555 1.90859 2.29202 2.90802 3.07138 3.57633 3.91962 3.87485 3.83623 3.72807 3.69047 4.11162 4.31198 4.27314 4.01632 3.7364 3.38867 3.46537 3.26795 3.34194 3.21747 3.08573 2.88949 1.96743 2.20205 2.38726 2.44528 2.7761 1.63158 -0.174642
-4.06239 -3.8608 -3.60436 -3.49443 -3.32362 -2.77665 -2.40732 -2.33065 -9999 -9999 -9999 -9999 -9999 -9999 -9999 -9999 -9999 -9999 -9999 -9999 -9999 -9999 -9999 -9999 -9999 -9999 -9999 -9999 -9999 -2.69259 -2.55378 -3.02345 -1.81633 -1.73645 -1.67545 -1.53805 -1.39818 -1.57578 -1.22389 -0.684743 -0.424476 -0.0131917 0.367552 0.525557 1.24497 2.0644 2.5304 2.78351 3.2952 3.57437 3.8717 3.94334 3.79915 3.87802 3.83863 3.84423 4.17998 3.60368 3.52699 3.51708 3.38039 3.0521 3.00652 4.27543 3.99349 3.25695 3.36188 3.1941 1.94396 2.72121 2.27033 3.35613 2.12765
-3.99318 -4.02151 -3.65041 -3.46085 -3.13849 -2.53083 -2.37424 -2.43043 -9999 -9999 -9999 -9999 -9999 -9999 -9999 -9999 -9999 -9999 -9999 -9999 -9999 -9999 -9999 -9999 -9999 -9999 -9999 -9999 -9999 -3.47998 -3.11422 -3.7292 -3.56313 -2.04183 -1.67451 -1.56449 -1.36297 -1.289 -1.24838 -1.01342 -0.67669 -0.365426 -0.133621 0.42986 1.17455 1.79699 2.21387 2.63803 2.85989 2.92282 3.18958 3.44568 3.56597 3.52383 3.42535 3.65173 3.68979 3.52533 3.37014 3.34496 3.07523 3.05935 3.54175 3.65002 3.92071 3.78967 3.81697 4.14197 3.74503 2.84604 2.66641 0.191003 3.76451
-3.63315 -3.8033 -3.65039 -2.9955 -2.84186 -2.25182 -2.33543 -2.41864 -9999 -9999 -9999 -9999 -9999 -9999 -9999 -9999 -9999 -9999 -9999 -9999 -9999 -9999 -9999 -9999 -9999 -9999 -9999 -9999 -4.12146 -4.13109 -4.43474 -4.01729 -3.80789 -2.17592 -1.87871 -1.69501 -1.57492 -1.45961 -1.29918 -1.10779 -0.869808 -0.542324 -0.220788 0.354052 1.01811 1.25664 1.75969 2.10148 2.55499 2.75701 2.89774 3.07284 3.15472 3.09992 3.03517 3.21657 3.30761 3.23535 3.18041 3.08532 3.14912 3.33863 4.0092 3.93033 4.28908 3.8743 3.48359 3.8241 3.2744 3.25803 3.2811 3.08932 3.13026
-3.71887 -3.55767 -3.58484 -3.40406 -2.56704 -2.56974 -2.14595 -2.33509 -9999 -9999 -9999 -9999 -9999 -9999 -9999 -9999 -9999 -9999 -9999 -9999 -9999 -9999 -9999 -9999 -9999 -9999 -9999 -9999 -4.21316 -4.21312 -4.67273 -4.5526 -3.39132 -2.97195 -2.00787 -1.80805 -1.68863 -1.64647 -1.45784 -1.11789 -0.997972 -0.718838 -0.510181 -0.243856 0.322425 0.794075 1.3379 1.81929 2.23088 2.53245 2.6316 2.66834 2.66401 2.798 2.94911 3.14632 3.23204 3.06363 3.14469 3.14483 3.10323 3.23139 3.44782 3.55733 3.80447 3.74879 3.59188 3.77141 3.24584 3.28471 3.21741 3.3347 3.33304
-3.73996 -3.48784 -3.57927 -3.42 -2.27944 -2.19524 -2.28845 -2.31181 -9999 -9999 -9999 -9999 -9999 -9999 -9999 -9999 -9999 -9999 -9999 -9999 -9999 -9999 -9999 -9999 -9999 -9999 -9999 -9999 -3.47394 -3.52909 -3.30395 -3.51857 -3.10784 -2.7534 -2.02838 -1.88967 -1.86537 -1.82826 -1.69562 -1.46393 -1.17817 -0.880142 -0.604269 -0.34369 0.273992 0.586732 1.35589 1.71847 2.07107 2.22466 2.39655 2.39518 2.52701 2.45093 2.77965 2.95136 2.89192 2.91841 2.99774 3.02089 3.22334 3.20654 3.72144 3.67695 2.68104 3.66506 3.50001 3.55766 4.07418 3.3232 4.62511 4.36342 1.50368
-3.52204 -3.35608 -3.63289 -2.78958 -2.00419 -2.46023 -2.40668 -2.23093 -2.44194 -9999 -9999 -9999 -9999 -9999 -9999 -9999 -9999 -9999 -9999 -9999 -9999 -9999 -9999 -9999 -9999 -9999 -9999 -9999 -3.1496 -2.8174 -2.5841 -2.74111 -2.68051 -2.6174 -2.04971 -2.02527 -2.01705 -1.98584 -1.82606 -1.64462 -1.39988 -0.984128 -0.741861 -0.390693 0.00438967 0.532599 0.616546 0.96469 1.41411 1.80915 2.11424 2.19256 2.3891 2.37687 2.51119 2.55513 2.7175 2.9197 2.94445 2.93744 3.02201 3.20662 3.36543 3.56675 3.64786 3.30274 3.26134 3.30209 3.69968 3.40773 3.65986 3.77483 1.9554
-3.40414 -3.31704 -3.80091 -2.53815 -2.43221 -2.49293 -2.45521 -2.86881 -2.89487 -9999 -9999 -9999 -9999 -9999 -9999 -9999 -9999 -9999 -9999 -9999 -9999 -9999 -9999 -9999 -9999 -9999 -9999 -2.59834 -2.57865 -2.65305 -2.502 -2.63795 -2.44565 -2.43745 -2.0464 -2.01741 -2.03286 -2.01325 -1.94673 -1.78161 -1.53714 -1.36046 -1.07636 -0.777511 -0.257829 0.0454307 0.384847 0.708388 1.29154 1.65757 1.82422 2.19009 2.34884 2.38166 2.49757 2.49912 2.54617 2.66689 2.78165 2.91543 3.16871 3.23685 3.25363 3.24393 3.08218 2.26991 -9999 2.27516 3.24245 3.6792 3.86527 4.21651 4.06404
-3.54921 -3.44071 -3.35909 -2.58785 -2.73428 -2.66889 -2.64804 -2.8764 -2.97403 -9999 -9999 -9999 -9999 -9999 -9999 -9999 -9999 -9999 -9999 -9999 -9999 -9999 -9999 -9999 -9999 -9999 -9999 -2.65915 -2.65547 -2.59022 -2.48278 -2.59838 -2.45116 -2.28063 -2.33857 -1.94968 -2.0626 -2.04886 -2.03165 -1.83883 -1.67825 -1.34103 -1.15962 -0.840064 -0.533352 -0.10807 0.269395 0.609164 1.00652 1.35559 1.63921 1.85028 2.00195 2.14221 2.28202 2.46376 2.55934 2.56394 2.74104 2.9733 3.02731 3.15119 3.20065 2.31939 2.30531 1.6657 -9999 -9999 2.81096 1.72404 4.36276 4.3378 3.96503
-3.89938 -3.76673 -3.41829 -2.93497 -2.81446 -2.9566 -2.83 -2.67338 -2.81715 -9999 -9999 -9999 -9999 -9999 -9999 -9999 -9999 -9999 -9999 -9999 -9999 -9999 -9999 -9999 -9999 -9999 -9999 -2.5697 -2.58866 -2.67725 -2.41304 -2.45791 -2.40946 -2.42021 -2.2178 -2.225 -1.99015 -2.02399 -1.99805 -1.89358 -1.67581 -1.31964 -1.1622 -0.973841 -0.593124 -0.32772 -0.124163 0.265862 0.5379 0.700452 1.22991 1.52473 1.88947 2.0033 2.22174 2.39877 2.50185 2.59146 2.68013 2.74848 2.84576 2.95223 2.87191 2.6601 2.72397 2.67347 -9999 -9999 3.86231 7.33754 4.65349 4.23888 3.73612
-4.14511 -4.45672 -4.50434 -4.65404 -3.14619 -3.58103 -2.81423 -2.7531 -2.6283 -9999 -9999 -9999 -9999 -9999 -9999 -9999 -9999 -9999 -9999 -9999 -9999 -9999 -9999 -9999 -9999 -9999 -9999 -2.95972 -2.89108 -2.84921 -2.41278 -2.38184 -2.35836 -2.27053 -2.22755 -2.2375 -2.00194 -1.98698 -2.04475 -1.94491 -1.83026 -1.70779 -1.37798 -1.13638 -0.999693 -0.702167 -0.19541 0.0318907 0.364711 0.641804 0.952738 1.3139 1.53836 1.87206 2.14062 2.29536 2.42096 2.47618 2.51716 2.53125 2.57022 2.6079 2.40295 2.56381 2.66253 2.61317 1.19708 -9999 3.76938 5.03446 3.61906 4.01697 4.04939
-5.6368 -5.40307 -5.08862 -6.21197 -4.00528 -3.763 -2.79871 -3.30522 -2.79521 -9999 -9999 -9999 -9999 -9999 -9999 -9999 -9999 -9999 -9999 -9999 -9999 -9999 -9999 -9999 -9999 -9999 -9999 -3.193 -2.72184 -2.54754 -2.35367 -2.34923 -2.38651 -2.35038 -2.25525 -2.25009 -2.01875 -1.98197 -2.00574 -1.91977 -1.79923 -1.72557 -1.56294 -1.32484 -1.11584 -0.835558 -0.368863 -0.160681 0.141794 0.500099 0.698155 1.00055 1.49556 1.67853 1.89114 1.97346 2.08896 2.14836 2.33818 2.34562 2.42316 2.36947 2.53958 2.41343 2.606 2.56392 2.52505 2.38696 2.20865 3.4697 3.19441 3.48354 3.8037
-5.8384 -5.6572 -5.57771 -6.70541 -4.27752 -3.4469 -2.62678 -3.28756 -3.50515 -9999 -9999 -9999 -9999 -9999 -9999 -9999 -9999 -9999 -9999 -9999 -9999 -9999 -9999 -9999 -9999 -9999 -9999 -2.6383 -2.94916 -2.50796 -2.46344 -2.37932 -2.2246 -2.21265 -2.28173 -2.11493 -2.01237 -2.0591 -2.07253 -1.934 -1.75693 -1.72205 -1.57865 -1.34103 -1.17897 -1.03665 -0.847267 -0.45034 -0.225054 0.0367518 0.28733 0.571798 0.878392 1.41027 1.76703 1.90093 1.91812 1.98389 2.09678 2.66824 2.19584 2.43674 2.67061 2.83065 2.39789 2.49616 2.78443 2.44668 2.54391 2.40529 2.71684 3.13601 3.62281
-5.97574 -4.82232 -5.55734 -6.73213 -3.60667 -2.97298 -2.78868 -3.025 -3.62377 -3.60729 -9999 -9999 -9999 -9999 -9999 -9999 -9999 -9999 -9999 -9999 -9999 -9999 -9999 -9999 -9999 -9999 -9999 -3.17583 -2.66837 -2.65685 -2.5439 -2.53805 -2.27911 -2.20014 -2.21767 -2.10247 -2.16834 -2.14219 -2.03208 -1.92605 -1.82456 -1.78305 -1.61007 -1.58495 -1.41876 -1.38807 -1.21236 -0.968312 -0.514449 -0.109382 0.223318 0.553321 0.869633 1.1303 1.58591 1.79819 1.89998 1.92748 1.96738 1.97848 1.99665 2.14674 2.02047 2.18054 0.73225 1.94336 2.59193 2.63554 2.67615 2.8882 2.95888 3.06082 3.4648
-5.80701 -4.8007 -5.1601 -6.53898 -3.77697 -2.87583 -3.21998 -3.05898 -3.02309 -3.62958 -9999 -9999 -9999 -9999 -9999 -9999 -9999 -9999 -9999 -9999 -9999 -9999 -9999 -9999 -9999 -9999 -2.47685 -2.64733 -2.40564 -2.47217 -2.31265 -2.37748 -2.56974 -2.2249 -2.1685 -2.08269 -2.18904 -2.00586 -2.15508 -2.08602 -1.97306 -1.84803 -1.64051 -1.58977 -1.42274 -1.35404 -1.21009 -1.08438 -0.70235 -0.249382 0.0977963 0.39935 0.707211 0.846077 1.02675 1.52396 3.59109 1.80071 1.74703 1.8393 1.87305 1.92194 2.06991 2.0216 2.11558 2.29754 2.60026 2.6881 2.78991 3.02642 3.15434 4.03366 3.5462
-5.5634 -5.34722 -5.1288 -5.68112 -4.93539 -3.55818 -3.5227 -4.04648 -3.70479 -3.70491 -9999 -9999 -9999 -9999 -9999 -9999 -9999 -9999 -9999 -9999 -9999 -9999 -9999 -9999 -9999 -9999 -1.70911 -1.79734 -1.91872 -2.31118 -2.48783 -2.2705 -2.31315 -2.29214 -2.1683 -2.12778 -2.05871 -1.73729 -2.17526 -2.18039 -1.979 -1.87568 -1.70795 -1.5137 -1.35036 -1.29309 -1.21966 -1.13048 -0.915704 -0.776293 -0.179281 0.00299142 0.244668 0.543214 0.93179 1.07741 2.79353 1.56872 1.67712 1.73832 1.74831 1.89115 1.24862 1.39487 2.23294 2.36161 2.50692 2.78676 3.05484 3.06824 3.12648 3.1558 3.27069
-5.70643 -6.15893 -5.27029 -5.26783 -4.53258 -3.24276 -3.28759 -4.04398 -3.71537 -3.39103 -9999 -9999 -9999 -9999 -9999 -9999 -9999 -9999 -9999 -9999 -9999 -9999 -9999 -9999 -9999 -9999 -1.87758 -1.72103 -1.331 -1.38946 -1.45014 -1.6172 -2.02571 -2.05871 -2.0802 -2.14557 -2.09204 -2.01376 -2.20967 -2.21953 -2.06458 -1.95402 -1.78008 -1.59634 -1.39627 -1.33138 -1.20032 -1.16242 -1.04762 -0.85531 -0.585898 -0.127317 0.156266 0.500046 0.814241 1.09924 1.29645 1.40709 1.64164 2.45112 1.6621 1.44537 1.34616 1.37369 2.05013 2.29676 2.54326 2.72817 3.20186 3.15907 3.08295 3.24974 3.71713
-6.11098 -6.53749 -5.18965 -5.24758 -5.13058 -3.35984 -3.33875 -3.58873 -3.76358 -3.487 -3.46905 -9999 -9999 -9999 -9999 -9999 -9999 -9999 -9999 -9999 -9999 -9999 -9999 -9999 -9999 -9999 -2.5577 -2.22876 -1.74227 -1.97575 -2.02557 -2.04998 -2.23827 -2.1643 -2.20386 -2.18264 -2.06919 -1.94231 -2.30343 -2.30511 -2.1121 -2.02618 -1.84199 -1.54652 -1.4005 -1.28433 -1.21869 -1.15455 -1.02839 -0.868087 -0.673011 -0.30025 0.010531 0.476218 0.642934 0.746581 1.11459 1.29498 1.41256 1.51554 1.53546 1.73953 1.73552 1.81393 2.00419 2.42427 2.74872 2.98748 3.2024 3.14808 3.17512 3.25273 3.44734
-5.05378 -5.3905 -4.43126 -4.5411 -4.17374 -2.95904 -2.86459 -2.81512 -3.40935 -3.75418 -3.74624 -9999 -9999 -9999 -9999 -9999 -9999 -9999 -9999 -9999 -9999 -9999 -9999 -9999 -9999 -9999 -2.69722 -2.85983 -2.46245 -2.46142 -2.2168 -2.32539 -2.40979 -2.46072 -2.38072 -2.30782 -2.13395 -2.0115 -2.2473 -2.20791 -2.36824 -1.84092 -1.71787 -1.48599 -1.41312 -1.30307 -1.23543 -1.1683 -1.07128 -0.957732 -0.716772 -0.632718 -0.285873 0.0795317 0.357563 0.660109 1.01078 1.10639 1.30665 1.36664 1.28735 1.70799 1.6962 1.85124 2.22343 2.65257 2.9603 3.06642 3.08802 3.16911 3.0196 2.76363 2.57479
-3.83453 -3.85635 -3.47698 -4.1878 -3.53673 -2.5157 -2.73552 -2.73222 -2.73714 -3.48357 -3.46683 -9999 -9999 -9999 -9999 -9999 -9999 -9999 -9999 -9999 -9999 -9999 -9999 -9999 -9999 -9999 -2.71448 -2.9265 -2.91127 -2.90007 -2.42244 -2.43655 -2.35134 -2.36641 -2.21077 -2.14637 -2.20601 -2.15822 -1.94619 -2.18343 -2.0765 -1.85677 -1.73384 -1.60407 -1.46899 -1.38361 -1.26182 -1.22617 -1.10948 -1.01881 -0.820233 -0.652976 -0.439189 -0.0428826 0.360607 0.627729 0.922446 1.44553 1.18728 1.28273 1.49932 1.5153 1.69205 2.16959 2.4324 2.67774 2.95436 3.01617 2.99674 2.97706 3.56275 3.62857 2.60245
-3.94088 -4.00929 -3.82962 -4.44548 -2.73944 -2.58441 -2.6277 -2.77145 -2.96569 -3.0419 -2.90454 -9999 -9999 -9999 -9999 -9999 -9999 -9999 -9999 -9999 -9999 -9999 -9999 -9999 -9999 -4.55178 -4.59352 -3.1607 -3.4405 -3.27361 -2.77623 -2.46485 -2.36792 -2.34108 -2.22985 -2.14572 -2.13515 -2.12844 -2.0727 -1.95931 -1.9987 -1.85405 -1.78542 -1.54656 -1.49775 -1.39252 -1.25759 -1.18821 -1.12702 -0.997789 -0.794346 -0.67308 -0.509375 -0.234048 0.270764 0.639147 0.930474 1.06363 -0.163913 1.19756 1.06071 0.877838 1.21491 1.94384 2.06673 2.39981 2.79247 2.89917 2.79536 2.81413 3.89358 3.47046 2.78774
