src/test/resources/gridTests/OQNux10S1day_20050712_x-135_X-105_y22_Y50.asc
ncols 121
nrows 113
xllcorner -135.0
yllcorner 22.0
cellsize 0.25
nodata_value -9999
[rows 0 to 31 of 113, columns 0 to 72 of 121]
4.2154 4.20402 4.39077 4.3403 4.31166 4.06579 4.0913 4.14316 3.70967 3.65813 3.49474 3.04115 2.70075 2.3818 1.85282 1.7853 1.48802 0.89278 0.393 -1.56937 -1.76185 -1.4392 -2.09829 -2.87088 -1.0627 -1.22485 -2.13141 -9999 -9999 -9999 -9999 -9999 -9999 -9999 -9999 -9999 -9999 -9999 -9999 -9999 -9999 -9999 -9999 -9999 -9999 -9999 -9999 -9999 -9999 -9999 -9999 -9999 -9999 -9999 -9999 -9999 -9999 -9999 -9999 -9999 -9999 -9999 -9999 -9999 -9999 -9999 -9999 -9999 -9999 -9999 -9999 -9999 -9999
4.03378 4.31278 4.39841 4.45199 4.31842 4.49038 4.72526 4.42724 4.2561 4.22818 3.85442 3.58966 2.88609 2.37565 2.21643 2.31531 1.43957 1.34503 0.79471 -0.865603 -0.770622 -0.724277 -1.59857 -1.85972 -1.46679 -1.07575 -0.35044 4.23625 4.87885 -9999 -9999 -9999 -9999 -9999 -9999 -9999 -9999 -9999 -9999 -9999 -9999 -9999 -9999 -9999 -9999 -9999 -9999 -9999 -9999 -9999 -9999 -9999 -9999 -9999 -9999 -9999 -9999 -9999 -9999 -9999 -9999 -9999 -9999 -9999 -9999 -9999 -9999 -9999 -9999 -9999 -9999 -9999 -9999
4.40594 4.4209 4.77304 4.67051 4.68192 4.63212 4.75555 4.65747 4.71786 4.77224 4.77599 4.0516 3.31398 3.16516 3.15755 2.93943 2.89354 1.82058 1.98567 2.06514 0.488885 -1.09197 -1.43834 -1.43985 -1.1285 -0.47321 -0.48068 -0.15553 0.30099 0.47319 1.18274 -9999 -9999 -9999 -9999 -9999 -9999 -9999 -9999 -9999 -9999 -9999 -9999 -9999 -9999 -9999 -9999 -9999 -9999 -9999 -9999 -9999 -9999 -9999 -9999 -9999 -9999 -9999 -9999 -9999 -9999 -9999 -9999 -9999 -9999 -9999 -9999 -9999 -9999 -9999 -9999 -9999 -9999
4.60632 4.56651 4.72959 4.68764 4.65252 4.71243 4.76119 4.69773 4.76055 5.07793 5.21417 5.0948 4.19367 3.77958 3.52893 3.48751 2.73698 2.67293 3.43131 2.43544 1.41673 1.09714 0.37462 0.030595 -0.42195 -0.25134 -0.350415 -0.234615 -0.05363 0.30277 0.696865 1.30039 7.44079 7.02579 -9999 -9999 -9999 -9999 -9999 -9999 -9999 -9999 -9999 -9999 -9999 -9999 -9999 -9999 -9999 -9999 -9999 -9999 -9999 -9999 -9999 -9999 -9999 -9999 -9999 -9999 -9999 -9999 -9999 -9999 -9999 -9999 -9999 -9999 -9999 -9999 -9999 -9999 -9999
4.85123 4.85258 4.8522 4.75057 4.77408 4.78219 4.73963 4.7692 4.92483 5.16023 5.44611 4.75439 4.61616 4.52529 3.97512 3.71652 3.79531 3.72574 3.75715 3.69733 2.32132 1.98191 1.4792 1.28184 1.21552 0.723685 0.39819 0.334805 0.20438 0.33596 0.52301 0.80499 1.29898 1.29811 -9999 -9999 -9999 -9999 -9999 -9999 -9999 -9999 -9999 -9999 -9999 -9999 -9999 -9999 -9999 -9999 -9999 -9999 -9999 -9999 -9999 -9999 -9999 -9999 -9999 -9999 -9999 -9999 -9999 -9999 -9999 -9999 -9999 -9999 -9999 -9999 -9999 -9999 -9999
4.72741 4.68786 4.77389 4.78036 4.82706 4.94559 4.87876 4.88827 4.98857 5.27101 5.31226 5.31996 5.30317 5.1329 4.57283 4.36986 4.21899 3.97127 4.1086 4.27682 3.99099 3.00538 2.84674 2.58764 2.41323 2.04946 1.47975 0.938865 0.48766 0.534265 0.60175 0.876815 0.90299 1.2754 1.54835 6.0133 6.37239 5.97351 -9999 -9999 -9999 -9999 -9999 -9999 -9999 -9999 -9999 -9999 -9999 -9999 -9999 -9999 -9999 -9999 -9999 -9999 -9999 -9999 -9999 -9999 -9999 -9999 -9999 -9999 -9999 -9999 -9999 -9999 -9999 -9999 -9999 -9999 -9999
4.57061 4.75828 4.89149 4.90317 4.75899 4.75136 4.93397 4.99132 4.96905 5.21528 5.68816 5.69156 5.68447 5.51604 5.59893 5.38621 5.23615 4.52101 4.04493 4.05664 4.33961 3.95133 3.95934 3.45112 2.73825 2.43698 1.9589 1.5216 1.32032 0.85277 1.47814 1.47522 1.62398 1.36706 1.17102 1.67581 1.80469 1.95275 -1.09048 -9999 -9999 -9999 -9999 -9999 -9999 -9999 -9999 -9999 -9999 -9999 -9999 -9999 -9999 -9999 -9999 -9999 -9999 -9999 -9999 -9999 -9999 -9999 -9999 -9999 -9999 -9999 -9999 -9999 -9999 -9999 -9999 -9999 -9999
4.62679 4.80363 4.92248 4.92036 4.8197 4.59387 4.7996 4.97536 5.18469 5.2258 5.69856 5.82588 5.94829 6.05594 6.14145 6.11379 6.07688 5.51529 4.88633 4.61733 4.61437 4.6211 4.24857 4.88506 2.76506 2.21471 2.29534 2.44337 1.90285 1.53104 2.14154 2.23678 2.06979 1.81105 0.988964 2.10718 2.87449 3.05976 2.14304 5.56176 -9999 -9999 -9999 -9999 -9999 -9999 -9999 -9999 -9999 -9999 -9999 -9999 -9999 -9999 -9999 -9999 -9999 -9999 -9999 -9999 -9999 -9999 -9999 -9999 -9999 -9999 -9999 -9999 -9999 -9999 -9999 -9999 -9999
4.78111 4.99622 4.98188 5.05959 4.92663 4.72056 4.97081 5.16341 5.49859 5.59136 5.94834 6.22253 6.34596 6.16804 6.22722 6.3993 6.41691 6.17265 5.88407 6.05094 5.65015 5.64907 5.1986 5.14647 4.60225 2.86082 2.72853 2.52991 2.55614 2.29074 2.45237 2.42964 2.41383 2.62242 2.75942 2.83541 2.93773 2.43067 2.82794 6.30544 -9999 -9999 -9999 -9999 -9999 -9999 -9999 -9999 -9999 -9999 -9999 -9999 -9999 -9999 -9999 -9999 -9999 -9999 -9999 -9999 -9999 -9999 -9999 -9999 -9999 -9999 -9999 -9999 -9999 -9999 -9999 -9999 -9999
5.29874 5.417 5.30642 5.14497 5.02223 4.9262 5.25809 5.31616 5.48866 5.69634 6.15696 6.48626 6.67321 6.22725 6.34572 6.08206 6.08273 6.28762 6.20476 6.36947 6.25681 6.13565 5.52847 5.89891 4.85395 3.70635 3.48348 3.40078 3.39956 3.25866 2.95724 2.72031 2.8663 3.16471 3.18903 2.97257 2.11808 1.73962 3.51569 4.74226 5.78424 -9999 -9999 -9999 -9999 -9999 -9999 -9999 -9999 -9999 -9999 -9999 -9999 -9999 -9999 -9999 -9999 -9999 -9999 -9999 -9999 -9999 -9999 -9999 -9999 -9999 -9999 -9999 -9999 -9999 -9999 -9999 -9999
5.19666 5.43035 5.43509 5.31701 5.08169 5.5338 5.54209 5.48407 5.7165 5.75716 6.1693 6.22126 6.34795 6.42032 6.40853 6.32667 6.30863 6.3929 6.45072 6.54602 6.42309 6.00385 5.99988 6.0004 5.50274 4.19125 3.96355 3.72716 4.01621 4.01666 3.74962 3.18935 3.12596 3.0758 3.22877 3.16078 3.04744 2.27656 2.23397 7.88332 7.20753 -9999 -9999 -9999 -9999 -9999 -9999 -9999 -9999 -9999 -9999 -9999 -9999 -9999 -9999 -9999 -9999 -9999 -9999 -9999 -9999 -9999 -9999 -9999 -9999 -9999 -9999 -9999 -9999 -9999 -9999 -9999 -9999
5.0469 5.0683 5.36672 5.50019 5.50521 5.64649 5.59355 5.56161 5.69735 6.01809 6.17464 6.10402 6.26293 6.31947 6.3 6.50177 6.62223 6.56619 6.48463 6.75047 6.61787 6.31077 6.0381 5.90739 4.97927 3.93981 4.2846 4.48618 4.4581 4.26234 3.98199 3.62484 3.43056 3.26686 3.56946 3.44629 6.10963 5.19533 3.66103 3.56631 2.29945 0.582335 -1.22471 -9999 -9999 -9999 -9999 -9999 -9999 -9999 -9999 -9999 -9999 -9999 -9999 -9999 -9999 -9999 -9999 -9999 -9999 -9999 -9999 -9999 -9999 -9999 -9999 -9999 -9999 -9999 -9999 -9999 -9999
5.15339 5.14789 5.40486 5.56761 5.69488 5.80744 5.87833 5.82188 5.88143 5.99392 6.17681 6.13571 6.13559 5.97653 6.20599 6.33153 6.55732 6.45524 6.61829 6.56946 6.49761 6.24572 6.34737 6.30147 6.04277 6.03097 5.3591 5.11129 4.97398 4.71888 4.80804 4.33315 3.75817 3.88064 3.97966 3.81552 5.89916 5.23213 5.01268 6.02611 3.95987 3.90465 1.16445 -9999 -9999 -9999 -9999 -9999 -9999 -9999 -9999 -9999 -9999 -9999 -9999 -9999 -9999 -9999 -9999 -9999 -9999 -9999 -9999 -9999 -9999 -9999 -9999 -9999 -9999 -9999 -9999 -9999 -9999
5.49693 5.4364 5.48099 5.78731 5.83599 5.91684 5.97 5.99753 6.02173 6.26889 6.11331 6.17522 5.61388 5.62322 5.91934 6.33167 6.61713 6.52027 6.85076 7.06855 6.82241 6.44002 7.21626 6.69942 6.40532 6.26689 5.97551 5.7311 5.49467 5.44088 5.43063 4.81566 4.3843 4.08314 4.34065 5.56745 5.54056 5.51168 4.87016 5.72432 4.0386 3.38413 -9999 -9999 -9999 -9999 -9999 -9999 -9999 -9999 -9999 -9999 -9999 -9999 -9999 -9999 -9999 -9999 -9999 -9999 -9999 -9999 -9999 -9999 -9999 -9999 -9999 -9999 -9999 -9999 -9999 -9999 -9999
5.93135 5.47579 5.74494 5.94248 6.08621 5.94519 6.09838 6.21597 6.28609 6.52576 6.61281 6.58168 5.89949 5.90107 6.06388 6.1814 6.58514 6.73365 6.83784 6.99435 6.8297 6.98736 7.13728 6.89355 6.57432 6.46688 6.51923 6.40412 6.30814 6.11068 6.11573 5.76406 5.09899 4.74546 4.73191 5.62562 5.33794 5.20189 4.59857 4.67831 4.094 3.44695 4.73454 -9999 -9999 -9999 -9999 -9999 -9999 -9999 -9999 -9999 -9999 -9999 -9999 -9999 -9999 -9999 -9999 -9999 -9999 -9999 -9999 -9999 -9999 -9999 -9999 -9999 -9999 -9999 -9999 -9999 -9999
5.58646 5.56603 5.71211 5.78743 5.92953 6.11505 6.12788 6.26892 6.28407 6.33636 6.89475 6.77723 6.63957 6.26875 6.37943 6.56951 6.52773 6.93917 6.74783 6.96876 6.89098 7.23143 7.36907 7.24909 6.76471 6.77846 6.48733 6.46964 6.64311 6.78221 6.57902 5.72795 5.14321 5.00651 5.53799 4.90101 5.27698 4.71837 4.12677 5.1565 3.61886 3.07215 2.29925 2.14709 -9999 -9999 -9999 -9999 -9999 -9999 -9999 -9999 -9999 -9999 -9999 -9999 -9999 -9999 -9999 -9999 -9999 -9999 -9999 -9999 -9999 -9999 -9999 -9999 -9999 -9999 -9999 -9999 -9999
5.76238 5.84431 5.41593 5.73432 5.89687 6.35276 6.3617 6.31352 6.10291 6.44473 6.63155 6.98201 6.75972 6.56784 6.51537 6.51982 6.84357 6.96628 6.79209 7.16833 7.01925 7.00049 7.0694 6.87664 6.63734 6.53641 6.29613 6.61501 6.80222 6.80336 6.53543 5.78958 5.5213 5.71011 5.57952 5.36082 5.28643 4.61691 4.77049 3.79487 3.70587 3.4937 3.28988 4.9159 -9999 -9999 -9999 -9999 -9999 -9999 -9999 -9999 -9999 -9999 -9999 -9999 -9999 -9999 -9999 -9999 -9999 -9999 -9999 -9999 -9999 -9999 -9999 -9999 -9999 -9999 -9999 -9999 -9999
5.56282 5.86983 5.70905 5.82625 6.14081 6.30202 6.40447 6.20458 6.17856 6.43103 6.64382 6.81447 6.9191 6.77512 6.58875 6.59766 6.66834 7.01734 6.97189 6.99611 6.88837 6.53497 6.65348 6.74463 6.61399 6.42539 6.51909 6.53325 6.73787 6.61224 6.30374 5.82443 5.50089 5.54374 5.73672 5.58587 5.03782 3.91588 4.52182 3.76253 3.84647 3.63487 3.11442 -9999 -9999 -9999 -9999 -9999 -9999 -9999 -9999 -9999 -9999 -9999 -9999 -9999 -9999 -9999 -9999 -9999 -9999 -9999 -9999 -9999 -9999 -9999 -9999 -9999 -9999 -9999 -9999 -9999 -9999
5.64115 5.8644 5.86764 5.75322 6.19688 6.3274 6.49775 6.40116 6.50935 6.57369 6.72881 7.01055 7.11696 6.82066 6.67149 6.87803 7.16907 7.14459 7.00875 6.93973 6.74412 6.5458 6.59156 6.66883 6.61017 6.53697 6.65095 6.64433 6.51492 6.29101 5.65089 5.57447 5.13232 4.94121 4.99248 5.48377 4.81602 4.57321 4.33374 3.74101 3.81776 3.53448 2.72949 2.74433 -9999 -9999 -9999 -9999 -9999 -9999 -9999 -9999 -9999 -9999 -9999 -9999 -9999 -9999 -9999 -9999 -9999 -9999 -9999 -9999 -9999 -9999 -9999 -9999 -9999 -9999 -9999 -9999 -9999
5.66167 5.6772 5.79701 5.75288 5.90402 6.46236 6.6144 6.53077 6.53871 6.42304 6.55486 7.08197 7.45101 7.39899 7.31632 7.3047 7.60381 7.46288 7.44689 7.60848 7.22297 7.08147 7.02228 7.06808 6.83922 6.37933 6.49714 6.17268 6.19772 5.92309 5.5886 5.39589 5.15317 4.81704 4.53319 4.31202 4.40703 4.52229 4.53914 3.8844 3.52404 2.74514 2.87117 2.0587 -9999 -9999 -9999 -9999 -9999 -9999 -9999 -9999 -9999 -9999 -9999 -9999 -9999 -9999 -9999 -9999 -9999 -9999 -9999 -9999 -9999 -9999 -9999 -9999 -9999 -9999 -9999 -9999 -9999
5.88247 5.95069 5.92593 6.08413 6.08165 6.37409 6.40981 6.47857 6.48724 6.66526 6.66889 7.20672 7.27951 7.38369 7.48311 7.86787 7.91975 7.81754 8.04069 7.84448 7.65528 7.37682 6.95922 6.94197 6.78811 6.40979 6.30422 6.21966 6.07352 5.48218 5.05151 5.05934 5.0746 4.66549 4.31064 4.03119 4.78135 4.17799 3.67664 3.81157 4.13232 3.2507 2.95589 2.47059 -9999 -9999 -9999 -9999 -9999 -9999 -9999 -9999 -9999 -9999 -9999 -9999 -9999 -9999 -9999 -9999 -9999 -9999 -9999 -9999 -9999 -9999 -9999 -9999 -9999 -9999 -9999 -9999 -9999
5.86551 6.00276 6.07284 6.05865 5.94207 6.12138 6.35444 6.31044 6.48592 6.60511 6.6661 6.8276 7.42783 7.59985 7.93257 7.82621 7.79226 7.94927 7.93309 7.96952 7.65564 7.09691 6.9959 6.6113 6.68039 6.68049 6.92174 6.64059 6.23093 6.1438 5.82716 5.46283 4.79385 4.64398 4.2717 3.98685 4.68919 4.66829 3.6253 4.38075 3.91005 3.29048 2.79408 3.26093 -9999 -9999 -9999 -9999 -9999 -9999 -9999 -9999 -9999 -9999 -9999 -9999 -9999 -9999 -9999 -9999 -9999 -9999 -9999 -9999 -9999 -9999 -9999 -9999 -9999 -9999 -9999 -9999 -9999
5.63168 5.80112 5.85637 5.91356 5.83809 5.90124 6.27218 6.25319 6.59169 6.55181 6.55499 6.55685 6.84663 7.28336 7.61941 7.5993 7.58203 7.85905 8.0197 7.94031 7.65662 7.19515 6.70787 6.42645 6.71721 6.92711 7.20039 6.78945 6.4211 6.22971 5.56508 5.18283 5.05474 4.77992 4.08753 4.43589 4.47577 3.88156 3.80679 4.30436 4.27968 2.94491 2.71057 -9999 -9999 -9999 -9999 -9999 -9999 -9999 -9999 -9999 -9999 -9999 -9999 -9999 -9999 -9999 -9999 -9999 -9999 -9999 -9999 -9999 -9999 -9999 -9999 -9999 -9999 -9999 -9999 -9999 -9999
5.11762 5.53671 5.57962 5.56232 5.69308 5.71059 6.09153 6.19355 6.21458 6.53386 6.58573 6.68569 6.94895 7.19355 7.38887 7.54257 7.51096 7.59298 7.94674 7.80546 7.15271 7.20859 7.06745 6.98673 6.72321 6.87988 7.1002 7.00936 6.53902 5.46152 5.27329 4.68433 4.91415 4.5579 4.41014 4.39169 4.17127 3.42796 4.12988 4.37922 3.619 2.85096 2.87568 -9999 -9999 -9999 -9999 -9999 -9999 -9999 -9999 -9999 -9999 -9999 -9999 -9999 -9999 -9999 -9999 -9999 -9999 -9999 -9999 -9999 -9999 -9999 -9999 -9999 -9999 -9999 -9999 -9999 -9999
5.04465 5.11859 5.21868 5.2825 5.4502 5.81226 5.90057 6.05206 6.04002 6.12245 6.36809 6.55894 6.66395 6.43343 6.685 7.22121 7.1893 6.95343 7.18338 7.36645 7.20008 7.16367 6.95379 6.98074 6.93399 7.00028 6.93956 7.04273 6.69998 5.62211 5.27347 4.47799 4.86581 4.64799 4.31772 4.39134 3.72556 3.85772 4.21841 4.32975 3.24519 3.0899 3.20142 -9999 -9999 -9999 -9999 -9999 -9999 -9999 -9999 -9999 -9999 -9999 -9999 -9999 -9999 -9999 -9999 -9999 -9999 -9999 -9999 -9999 -9999 -9999 -9999 -9999 -9999 -9999 -9999 -9999 -9999
4.95487 4.86977 5.01325 5.0488 5.17024 5.64441 6.12641 6.0794 5.99758 5.80803 6.13782 6.13931 6.31799 6.08502 6.5383 6.69633 6.77523 6.71387 6.83474 7.00169 7.1379 7.05002 6.63399 6.87259 6.78329 6.98142 6.89142 6.90517 5.93706 5.65369 5.14001 5.04149 4.80785 4.3669 4.46888 4.41336 4.42142 3.7733 3.87909 3.40448 3.19816 2.38994 -9999 -9999 -9999 -9999 -9999 -9999 -9999 -9999 -9999 -9999 -9999 -9999 -9999 -9999 -9999 -9999 -9999 -9999 -9999 -9999 -9999 -9999 -9999 -9999 -9999 -9999 -9999 -9999 -9999 -9999 -9999
4.87198 4.78652 5.02726 5.24211 5.28888 5.41074 5.80825 5.86415 5.99013 5.59959 5.57228 5.59262 5.89695 5.92799 5.95462 5.99566 6.13621 6.32652 6.5412 6.90926 7.04432 6.78507 6.74399 6.64759 6.63954 6.928 6.87593 6.08942 5.73979 5.26675 5.16035 4.64702 4.65172 4.27803 4.5007 4.71679 4.97189 4.30046 3.65954 3.26193 2.72579 2.50054 -9999 -9999 -9999 -9999 -9999 -9999 -9999 -9999 -9999 -9999 -9999 -9999 -9999 -9999 -9999 -9999 -9999 -9999 -9999 -9999 -9999 -9999 -9999 -9999 -9999 -9999 -9999 -9999 -9999 -9999 -9999
4.78677 5.0156 5.03098 5.04449 5.15153 5.47436 5.63162 5.9331 6.04256 5.37929 5.26123 5.39898 5.4646 5.6403 5.64978 5.5147 5.79176 6.29549 6.44932 6.62811 6.91302 6.80621 6.77431 6.64955 6.79534 6.58014 6.60435 5.91908 5.73785 5.38706 5.05296 4.83575 4.71442 4.55614 4.49512 4.55106 4.47179 4.39448 3.97458 2.62589 2.55517 2.18857 -9999 -9999 -9999 -9999 -9999 -9999 -9999 -9999 -9999 -9999 -9999 -9999 -9999 -9999 -9999 -9999 -9999 -9999 -9999 -9999 -9999 -9999 -9999 -9999 -9999 -9999 -9999 -9999 -9999 -9999 -9999
4.7996 4.93942 4.95995 5.15622 5.11578 5.19217 5.69219 5.76065 5.8098 5.84921 5.20773 5.33189 5.47178 5.51067 5.62649 5.85281 5.92711 6.2766 6.35388 6.49128 6.6491 6.68323 6.66329 6.4306 6.37835 6.38173 6.01484 5.79829 5.2609 4.80113 4.90345 4.84514 4.5802 4.4253 4.30695 4.101 3.81645 3.97356 3.29026 2.56521 2.58485 1.45856 -9999 -9999 -9999 -9999 -9999 -9999 -9999 -9999 -9999 -9999 -9999 -9999 -9999 -9999 -9999 -9999 -9999 -9999 -9999 -9999 -9999 -9999 -9999 -9999 -9999 -9999 -9999 -9999 -9999 -9999 -9999
4.48946 4.60449 4.88646 5.20852 5.26297 5.23538 5.30404 5.66477 5.6542 5.70471 5.95907 5.56067 5.42838 5.46324 5.52786 6.18229 7.14721 6.57541 6.56324 6.09698 6.44078 6.48323 6.16752 5.97062 5.94779 5.95538 5.50768 4.85957 4.72421 4.63438 4.71049 4.45982 4.48666 4.11619 4.00809 3.83944 3.40292 3.81123 3.24512 2.41058 1.47409 -9999 -9999 -9999 -9999 -9999 -9999 -9999 -9999 -9999 -9999 -9999 -9999 -9999 -9999 -9999 -9999 -9999 -9999 -9999 -9999 -9999 -9999 -9999 -9999 -9999 -9999 -9999 -9999 -9999 -9999 -9999 -9999
4.1075 4.40663 4.50802 4.93365 4.99988 5.01494 5.42637 5.54727 5.63394 5.75518 5.85401 5.95281 5.42404 5.52398 6.87892 6.9673 7.105 6.1869 5.42962 4.95636 6.09908 6.27203 5.9414 5.96739 5.80238 4.88435 4.75081 4.74724 4.87699 4.70245 4.30092 4.19852 3.67443 3.98316 3.66914 3.47737 2.74286 3.67595 3.78489 2.66447 2.16042 1.96026 -9999 -9999 -9999 -9999 -9999 -9999 -9999 -9999 -9999 -9999 -9999 -9999 -9999 -9999 -9999 -9999 -9999 -9999 -9999 -9999 -9999 -9999 -9999 -9999 -9999 -9999 -9999 -9999 -9999 -9999 -9999
4.11207 4.21284 4.47762 4.97328 5.29668 5.18999 5.23047 5.50573 5.62241 5.73862 5.61862 5.93455 5.36376 5.47461 6.02183 6.34292 6.25703 6.16868 6.16984 5.62164 5.77958 5.98817 5.79679 5.76474 4.50615 4.50401 4.48381 4.57808 4.75479 4.25034 3.84783 3.77428 3.89441 3.7481 3.42509 3.18021 2.80875 3.36287 2.50795 2.51349 1.97019 -9999 -9999 -9999 -9999 -9999 -9999 -9999 -9999 -9999 -9999 -9999 -9999 -9999 -9999 -9999 -9999 -9999 -9999 -9999 -9999 -9999 -9999 -9999 -9999 -9999 -9999 -9999 -9999 -9999 -9999 -9999 -9999
