src/test/resources/gridTests/OQNux10S1day_20050712_x-135_X-105_y22_Y50.asc
ncols 121
nrows 113
xllcorner -135.0
yllcorner 22.0
cellsize 0.25
nodata_value -9999
[rows 32 to 63 of 113, columns 0 to 72 of 121]
3.88924 3.92291 4.00455 4.36739 4.83436 5.08436 5.20788 5.25534 5.54726 5.71131 5.72166 5.96164 5.33491 5.47668 5.86978 5.96057 6.13861 5.95418 5.5903 5.6241 5.63885 5.41578 5.62612 5.54669 4.3157 4.28154 4.5414 4.43685 4.34624 4.31681 3.86219 3.92942 3.78068 3.27746 3.14085 2.78654 3.20782 3.14423 2.44238 2.13764 2.25244 2.27591 -9999 -9999 -9999 -9999 -9999 -9999 -9999 -9999 -9999 -9999 -9999 -9999 -9999 -9999 -9999 -9999 -9999 -9999 -9999 -9999 -9999 -9999 -9999 -9999 -9999 -9999 -9999 -9999 -9999 -9999 -9999
3.96728 3.85708 3.80036 4.07349 4.38279 4.7685 5.19569 5.24141 5.34912 5.66544 6.04299 6.13653 6.46198 5.43406 5.54981 5.82706 5.53355 5.54622 5.25785 5.61001 5.61013 5.35572 1.00429 1.04969 -2.05743 3.98977 4.00906 3.92267 3.90146 3.83524 3.76973 3.37513 3.17812 3.48694 3.14438 2.73106 3.46087 3.44456 2.92359 2.61653 2.47968 2.45728 -9999 -9999 -9999 -9999 -9999 -9999 -9999 -9999 -9999 -9999 -9999 -9999 -9999 -9999 -9999 -9999 -9999 -9999 -9999 -9999 -9999 -9999 -9999 -9999 -9999 -9999 -9999 -9999 -9999 -9999 -9999
3.65356 3.30508 3.30616 4.06902 4.098 4.65073 4.75416 4.99657 5.64361 5.68291 5.95736 6.03693 6.59847 6.24411 5.03514 5.31038 5.20266 5.26842 5.4311 5.55325 5.3998 5.12124 3.53462 -1.92335 -2.07097 -2.07064 3.63332 3.70105 3.68108 3.52842 3.46128 3.34007 2.95507 3.15175 2.70714 2.55211 3.35679 3.41973 3.21547 2.77828 2.64744 2.42457 -9999 -9999 -9999 -9999 -9999 -9999 -9999 -9999 -9999 -9999 -9999 -9999 -9999 -9999 -9999 -9999 -9999 -9999 -9999 -9999 -9999 -9999 -9999 -9999 -9999 -9999 -9999 -9999 -9999 -9999 -9999
3.71479 3.67745 3.5697 3.89036 4.1489 4.49646 4.7523 5.02599 5.42998 5.70047 6.06216 6.13773 6.15675 5.97024 4.82374 4.96201 4.98021 5.06861 5.13522 5.27664 5.33366 5.35372 3.34299 -2.07171 -1.93913 -2.02157 3.41481 3.61249 3.61046 3.32568 2.97128 3.10384 3.02199 2.73476 2.59823 2.52489 3.15241 3.42272 3.25901 2.66153 2.37113 1.81405 1.80022 -9999 -9999 -9999 -9999 -9999 -9999 -9999 -9999 -9999 -9999 -9999 -9999 -9999 -9999 -9999 -9999 -9999 -9999 -9999 -9999 -9999 -9999 -9999 -9999 -9999 -9999 -9999 -9999 -9999 -9999
3.6637 3.63836 3.75225 3.826 3.96142 4.26447 4.56407 4.93407 5.07001 5.12622 5.71994 5.69335 5.89321 5.95001 6.22768 4.69996 4.68145 4.73615 4.69667 4.86426 5.38631 5.36246 -2.04328 -1.94406 -1.88161 -2.08963 -2.13948 3.57165 3.12309 2.98718 3.03064 3.19161 3.25423 3.0189 2.67199 2.65056 2.97321 3.10304 3.39405 2.40895 1.9752 1.7575 1.4271 -9999 -9999 -9999 -9999 -9999 -9999 -9999 -9999 -9999 -9999 -9999 -9999 -9999 -9999 -9999 -9999 -9999 -9999 -9999 -9999 -9999 -9999 -9999 -9999 -9999 -9999 -9999 -9999 -9999 -9999
3.4761 3.49771 3.54384 3.89475 4.0436 4.20613 4.43708 4.7327 4.96999 5.08287 5.14151 5.49062 5.69004 5.67789 5.47054 4.43215 4.24942 4.32578 4.39338 4.67638 5.14034 3.0277 2.78732 -1.87294 -2.05593 -2.22476 -0.65147 0.40193 3.6258 3.3339 3.08554 3.05661 3.16406 2.84083 2.67343 2.63291 2.84649 3.15237 2.79801 2.34879 1.85357 1.69211 1.09987 -9999 -9999 -9999 -9999 -9999 -9999 -9999 -9999 -9999 -9999 -9999 -9999 -9999 -9999 -9999 -9999 -9999 -9999 -9999 -9999 -9999 -9999 -9999 -9999 -9999 -9999 -9999 -9999 -9999 -9999
0.356383 3.296 3.466 3.74167 4.1181 4.17015 4.17352 4.7668 4.84182 5.18648 5.35704 5.50718 5.56993 5.11667 5.09395 4.13183 4.23296 3.98335 4.29455 4.55534 4.78397 3.23059 3.01818 0.8593 3.06496 3.02092 2.70504 2.75515 3.76907 4.46573 3.23809 3.02814 2.77246 2.66497 2.71038 1.85353 2.01657 1.7335 2.06618 2.01458 1.93384 2.32742 1.04161 -9999 -9999 -9999 -9999 -9999 -9999 -9999 -9999 -9999 -9999 -9999 -9999 -9999 -9999 -9999 -9999 -9999 -9999 -9999 -9999 -9999 -9999 -9999 -9999 -9999 -9999 -9999 -9999 -9999 -9999
-0.0402167 3.30031 3.63667 3.80466 4.04797 4.15418 4.32842 4.46097 4.61715 5.04113 5.00198 5.06203 5.16683 5.18558 5.25984 5.21871 4.50057 4.14619 4.15728 4.29289 4.39888 3.15237 3.11457 3.16322 2.81817 2.68687 2.48721 2.24349 4.00402 3.2775 3.13657 3.09369 2.77984 2.79659 2.84308 1.74763 1.67685 1.59318 1.97168 1.85741 2.02812 2.14072 -9999 -9999 -9999 -9999 -9999 -9999 -9999 -9999 -9999 -9999 -9999 -9999 -9999 -9999 -9999 -9999 -9999 -9999 -9999 -9999 -9999 -9999 -9999 -9999 -9999 -9999 -9999 -9999 -9999 -9999 -9999
-0.35302 -0.284767 3.50868 3.55278 4.03348 4.09374 4.28044 4.53873 4.90483 4.96648 4.93854 5.06287 5.52429 5.6041 5.56333 5.53783 5.33922 3.95083 4.0884 4.22497 3.31819 3.12677 3.01667 2.91786 2.73448 2.56632 2.95252 2.76755 2.99158 2.95861 2.96329 3.04199 2.83468 2.92439 2.96371 1.81995 1.93955 1.91708 1.76227 2.06752 2.30822 2.38063 -9999 -9999 -9999 -9999 -9999 -9999 -9999 -9999 -9999 -9999 -9999 -9999 -9999 -9999 -9999 -9999 -9999 -9999 -9999 -9999 -9999 -9999 -9999 -9999 -9999 -9999 -9999 -9999 -9999 -9999 -9999
-0.329553 -0.311387 3.38637 3.62623 3.87688 4.15309 4.26065 4.30264 4.70352 4.71299 4.68325 5.08827 5.3242 5.53342 5.51373 5.17939 4.90389 3.91145 4.21324 3.09367 3.05193 3.1502 3.03497 3.09965 2.76433 2.8554 3.02461 3.232 3.26206 2.99826 2.93564 2.98414 2.96299 2.96435 2.85559 2.09914 2.12738 1.77391 1.97857 2.27446 2.80788 2.92408 3.90749 3.60078 -9999 -9999 -9999 -9999 -9999 -9999 -9999 -9999 -9999 -9999 -9999 -9999 -9999 -9999 -9999 -9999 -9999 -9999 -9999 -9999 -9999 -9999 -9999 -9999 -9999 -9999 -9999 -9999 -9999
-0.3467 -0.26487 3.18542 3.53781 3.61957 3.77247 3.99069 4.16942 4.21002 4.27666 4.32187 4.5478 4.77592 4.95612 5.0893 5.17872 4.65513 4.07748 4.17463 3.25269 3.27505 3.07893 2.94683 2.75015 2.65161 2.82942 3.15059 3.36051 3.30984 3.2606 2.87165 2.93528 3.08608 2.98265 2.90462 2.21964 2.35328 2.35311 2.44456 2.87929 3.2328 3.5292 3.76173 3.78327 -9999 -9999 -9999 -9999 -9999 -9999 -9999 -9999 -9999 -9999 -9999 -9999 -9999 -9999 -9999 -9999 -9999 -9999 -9999 -9999 -9999 -9999 -9999 -9999 -9999 -9999 -9999 -9999 -9999
-0.553963 -0.376037 2.58053 3.15424 3.28733 3.45809 3.80014 3.81534 3.76447 3.89638 4.17626 4.21766 4.49264 4.55686 5.08539 4.66204 4.69396 4.60244 3.95188 3.19539 3.05615 2.8577 2.84913 2.88722 3.10813 3.13521 3.12575 3.07236 3.12216 3.06298 2.95047 2.94167 3.15604 3.12047 3.13033 2.5877 2.94184 3.06417 3.25189 3.31271 3.53312 3.69341 3.57298 3.40773 3.42789 -9999 -9999 -9999 -9999 -9999 -9999 -9999 -9999 -9999 -9999 -9999 -9999 -9999 -9999 -9999 -9999 -9999 -9999 -9999 -9999 -9999 -9999 -9999 -9999 -9999 -9999 -9999 -9999
-0.61099 -0.574787 2.45057 3.08934 3.54175 3.68766 3.59034 3.61726 3.62775 3.65461 3.93656 4.14491 4.23258 4.32774 4.74445 4.50119 4.26303 -9999 -9999 3.14517 3.01358 2.83966 2.79567 3.02032 2.86461 2.89744 3.03411 3.03714 2.86172 3.05695 2.87309 2.91281 3.03859 3.07914 3.12887 3.44795 3.41518 3.31069 3.43423 3.51555 3.70117 3.83812 3.44257 3.2183 3.2313 -9999 -9999 -9999 -9999 -9999 -9999 -9999 -9999 -9999 -9999 -9999 -9999 -9999 -9999 -9999 -9999 -9999 -9999 -9999 -9999 -9999 -9999 -9999 -9999 -9999 -9999 -9999 -9999
-0.511127 -0.43314 2.92617 3.36128 3.61134 3.70574 3.62804 3.65323 3.95474 3.91563 3.9078 3.84188 4.10142 4.2656 4.40166 4.41125 3.79513 -9999 -9999 2.92222 2.87225 2.70604 2.7295 2.62368 2.59448 3.02536 3.22185 2.89712 2.97459 3.23163 3.28128 3.05053 3.04811 3.19928 3.34178 3.42782 3.62465 3.49756 3.51818 3.81845 3.78899 3.99201 3.72713 3.42623 3.946 -9999 -9999 -9999 -9999 -9999 -9999 -9999 -9999 -9999 -9999 -9999 -9999 -9999 -9999 -9999 -9999 -9999 -9999 -9999 -9999 -9999 -9999 -9999 -9999 -9999 -9999 -9999 -9999
-0.0229567 0.0107867 3.0729 2.9239 2.95072 3.141 3.41894 3.84439 4.09268 3.90772 3.31947 3.36998 4.01214 4.04081 3.73041 3.01194 3.0456 -9999 -9999 -9999 2.4791 2.36655 2.33088 2.34671 2.40671 2.5361 2.77938 2.91658 3.06671 3.1159 3.16604 2.61715 2.93423 3.26485 3.27836 3.3592 3.4467 3.60781 3.74484 3.88791 3.99431 4.10952 4.05907 3.89959 4.27143 4.58192 -9999 -9999 -9999 -9999 -9999 -9999 -9999 -9999 -9999 -9999 -9999 -9999 -9999 -9999 -9999 -9999 -9999 -9999 -9999 -9999 -9999 -9999 -9999 -9999 -9999 -9999 -9999
0.468557 -0.37375 -0.37218 2.54447 2.80195 3.07398 3.64411 3.64502 3.75398 3.65393 3.40123 3.68454 3.78674 3.61884 3.31024 3.01233 2.97438 -9999 -9999 -9999 1.97837 1.92488 2.00698 2.25229 2.54235 2.57096 2.62551 2.85135 3.00088 3.2028 2.9813 2.7813 2.82135 2.95134 3.28053 3.41348 3.57029 3.80055 3.84178 3.8665 4.13472 4.26316 4.11368 3.97959 4.40255 4.83939 5.03289 -9999 -9999 -9999 -9999 -9999 -9999 -9999 -9999 -9999 -9999 -9999 -9999 -9999 -9999 -9999 -9999 -9999 -9999 -9999 -9999 -9999 -9999 -9999 -9999 -9999 -9999
0.0615393 -0.124757 -0.186847 2.38303 2.45384 2.87189 3.10144 3.07139 2.92384 2.98995 3.25076 3.52733 3.42123 3.2123 3.03248 3.01141 -9999 -9999 -9999 -9999 1.9578 2.015 2.20511 2.41797 2.38414 2.473 2.60276 2.83903 3.05995 3.0041 2.98087 2.96572 2.75348 3.02245 3.32669 3.68385 3.70388 3.71753 3.87814 3.93363 4.29624 4.41071 4.34948 4.42844 4.5998 4.97056 5.57907 5.3553 -9999 -9999 -9999 -9999 -9999 -9999 -9999 -9999 -9999 -9999 -9999 -9999 -9999 -9999 -9999 -9999 -9999 -9999 -9999 -9999 -9999 -9999 -9999 -9999 -9999
-0.410723 -0.43188 -0.400387 2.26296 2.57929 2.5142 2.48953 2.51701 2.40079 2.62086 2.77352 3.22497 3.25276 3.09666 2.88691 2.90134 -9999 -9999 -9999 -9999 -9999 2.09415 2.13164 1.81416 1.39253 2.24453 2.50685 2.85343 2.89431 3.10769 2.77495 2.81748 2.99892 3.01695 3.15336 3.69271 3.79446 3.80637 3.88914 3.90258 4.25969 4.33274 4.22808 4.18999 4.73298 5.29973 5.50203 4.81667 5.00005 -9999 -9999 -9999 -9999 -9999 -9999 -9999 -9999 -9999 -9999 -9999 -9999 -9999 -9999 -9999 -9999 -9999 -9999 -9999 -9999 -9999 -9999 -9999 -9999
-0.511127 -0.478807 -0.47927 2.37465 2.64986 2.40359 2.31732 2.15528 2.06463 2.1273 2.11039 2.92914 2.92963 2.52278 2.55081 -9999 -9999 -9999 -9999 -9999 -9999 -9999 1.34101 1.34183 1.71088 2.22466 2.38255 2.89364 2.96221 2.74859 2.62031 2.81929 2.83591 2.98397 2.98431 3.51964 3.73849 3.68351 3.72401 3.81205 4.17981 4.25041 3.9005 3.74356 4.39325 5.11036 5.49731 5.33507 5.05338 5.17695 -9999 -9999 -9999 -9999 -9999 -9999 -9999 -9999 -9999 -9999 -9999 -9999 -9999 -9999 -9999 -9999 -9999 -9999 -9999 -9999 -9999 -9999 -9999
-0.62099 -0.555113 -0.47349 2.93009 2.79165 2.73997 2.25599 1.8475 1.62307 1.62937 1.87491 2.22421 2.56023 2.2486 -9999 -9999 -9999 -9999 -9999 -9999 -9999 -9999 1.20135 1.29028 1.57597 2.27308 2.38369 2.46751 2.7933 2.67031 2.58532 2.6223 2.75669 2.92487 2.87779 3.42643 3.51201 3.67563 3.67333 3.90107 4.10081 4.12467 3.71837 3.54758 3.98843 4.8698 5.41714 5.26474 5.05118 4.92676 -9999 -9999 -9999 -9999 -9999 -9999 -9999 -9999 -9999 -9999 -9999 -9999 -9999 -9999 -9999 -9999 -9999 -9999 -9999 -9999 -9999 -9999 -9999
-0.898377 -0.647447 -0.611483 2.8431 2.6799 2.1569 1.32859 1.56659 1.52721 1.50682 1.93578 2.07183 1.87269 1.84138 -9999 -9999 -9999 -9999 -9999 -9999 -9999 -9999 1.44932 1.45659 1.88371 1.98385 2.3354 2.29365 2.28202 2.67977 2.4956 2.55136 2.72574 2.92785 3.02522 3.33753 3.5575 3.66215 3.93737 3.96866 3.96782 3.78472 3.71514 3.66709 4.05333 4.59962 5.04024 5.07383 4.47261 4.4482 -9999 -9999 -9999 -9999 -9999 -9999 -9999 -9999 -9999 -9999 -9999 -9999 -9999 -9999 -9999 -9999 -9999 -9999 -9999 -9999 -9999 -9999 -9999
-0.969747 -0.91776 -0.939693 -0.94913 2.25198 1.71565 0.682286 1.43226 1.6527 1.61353 1.87114 1.71454 0.876616 1.14306 -9999 -9999 -9999 -9999 -9999 -9999 -9999 -9999 1.2984 1.56248 1.66511 1.97135 1.93747 2.06246 2.24388 2.5483 2.47195 2.47762 2.52433 2.86417 3.06905 3.31085 3.68802 3.74187 3.99144 4.0202 3.87586 3.78001 4.0062 3.93776 4.22293 4.3475 4.86406 4.87123 4.46893 4.38336 4.903 -9999 -9999 -9999 -9999 -9999 -9999 -9999 -9999 -9999 -9999 -9999 -9999 -9999 -9999 -9999 -9999 -9999 -9999 -9999 -9999 -9999 -9999
-0.971997 -1.44581 -1.24554 -1.28521 1.05139 1.12674 0.977022 1.27036 1.34719 0.704543 0.844127 0.812414 0.441008 -9999 -9999 -9999 -9999 -9999 -9999 -9999 -9999 -9999 -9999 1.36996 1.3786 1.68573 1.78678 2.04841 2.14479 2.41244 2.34641 2.42358 2.77048 2.91984 3.06358 3.33642 3.64729 3.72073 3.96905 3.82948 3.95579 4.02888 4.23564 4.29999 4.40395 4.49247 4.98143 4.55877 4.35762 4.1891 4.25915 4.27455 -9999 -9999 -9999 -9999 -9999 -9999 -9999 -9999 -9999 -9999 -9999 -9999 -9999 -9999 -9999 -9999 -9999 -9999 -9999 -9999 -9999
-1.24736 -1.45436 -1.44532 -1.40387 1.15817 0.786164 0.722115 0.806646 0.648724 0.315565 0.560021 0.994742 -9999 -9999 -9999 -9999 -9999 -9999 -9999 -9999 -9999 -9999 -9999 -9999 1.58734 1.45531 1.74869 1.82989 2.04143 2.05266 2.35926 2.21488 2.69302 2.76522 2.85177 3.22824 3.60624 3.69446 3.88001 3.93847 4.11814 4.31423 4.44407 4.64884 4.90764 4.96371 4.68055 4.69301 4.38036 4.23534 4.28378 4.47362 -9999 -9999 -9999 -9999 -9999 -9999 -9999 -9999 -9999 -9999 -9999 -9999 -9999 -9999 -9999 -9999 -9999 -9999 -9999 -9999 -9999
-1.38252 -1.36364 -1.12754 -1.16122 1.72383 1.48759 0.826051 0.620453 0.832972 0.776838 0.844993 0.984835 -9999 -9999 -9999 -9999 -9999 -9999 -9999 -9999 -9999 -9999 -9999 -9999 1.4813 1.46889 1.56177 1.6702 1.95526 1.9642 2.20444 2.09882 2.56567 2.73011 2.98939 3.16784 3.39126 3.79924 3.87356 4.13378 4.32961 4.40456 4.63627 4.66405 4.82937 4.67976 4.66706 4.40405 4.42569 4.58819 4.75544 5.09028 5.23021 -9999 -9999 -9999 -9999 -9999 -9999 -9999 -9999 -9999 -9999 -9999 -9999 -9999 -9999 -9999 -9999 -9999 -9999 -9999 -9999
-0.508587 -0.564193 -0.3432 -0.26229 3.93371 0.220083 0.461732 0.128113 0.896858 0.689609 0.338036 0.519235 -9999 -9999 -9999 -9999 -9999 -9999 -9999 -9999 -9999 -9999 -9999 -9999 -9999 1.44355 1.57167 1.63659 1.91579 2.00955 2.01798 2.21057 2.50192 2.73561 2.98102 3.23 3.47907 3.623 4.0504 4.15967 4.29915 4.44313 4.48886 4.47927 4.59754 4.58762 4.70981 4.56704 4.51647 4.52019 4.74796 4.96057 5.13173 -9999 -9999 -9999 -9999 -9999 -9999 -9999 -9999 -9999 -9999 -9999 -9999 -9999 -9999 -9999 -9999 -9999 -9999 -9999 -9999
0.25919 0.30879 0.445777 0.26048 4.79648 -0.26664 0.384009 0.507786 0.534064 0.426101 0.169571 0.126716 -9999 -9999 -9999 -9999 -9999 -9999 -9999 -9999 -9999 -9999 -9999 -9999 -9999 1.5084 1.52449 1.74415 1.8727 2.06803 2.10649 2.21817 2.55523 2.58356 2.67288 3.19668 3.46967 3.66408 3.96741 4.15211 4.26025 4.56131 4.38523 4.41279 4.53414 4.7064 4.89738 4.90288 4.8766 4.87825 4.86613 4.98014 4.8649 4.6011 -9999 -9999 -9999 -9999 -9999 -9999 -9999 -9999 -9999 -9999 -9999 -9999 -9999 -9999 -9999 -9999 -9999 -9999 -9999
0.21022 0.448543 0.13513 -0.309733 -0.02417 0.637336 0.474565 0.37839 0.347707 0.239102 0.207322 -9999 -9999 -9999 -9999 -9999 -9999 -9999 -9999 -9999 -9999 -9999 -9999 -9999 -9999 1.31759 1.18396 1.71849 1.84237 2.21375 2.39493 2.50591 2.5242 2.47893 2.72415 3.07372 3.39956 3.63557 3.70652 3.97876 4.16003 4.36698 4.28818 4.41984 4.81268 4.90922 5.03459 5.0993 5.18304 5.28053 5.17826 4.91528 4.55788 4.49078 4.54705 -9999 -9999 -9999 -9999 -9999 -9999 -9999 -9999 -9999 -9999 -9999 -9999 -9999 -9999 -9999 -9999 -9999 -9999
-0.37571 -0.45836 -0.518197 -0.43223 -0.861879 0.480382 0.392941 0.394972 0.357684 0.281525 0.244885 -9999 -9999 -9999 -9999 -9999 -9999 -9999 -9999 -9999 -9999 -9999 -9999 -9999 -9999 -9999 1.64015 1.83888 1.9971 2.09232 2.14799 2.23557 2.35564 2.31233 2.43555 2.78492 3.09805 3.34121 3.73927 3.86744 4.20157 4.2011 4.15293 4.12214 4.28641 4.57609 5.02788 5.02653 5.12008 5.16579 5.15446 5.20094 4.61652 4.61293 4.49762 3.40678 2.94914 -9999 -9999 -9999 -9999 -9999 -9999 -9999 -9999 -9999 -9999 -9999 -9999 -9999 -9999 -9999 -9999
-0.686117 -0.539937 -0.921417 -1.36976 -1.48448 0.391773 0.349572 0.281745 0.301117 0.208076 -9999 -9999 -9999 -9999 -9999 -9999 -9999 -9999 -9999 -9999 -9999 -9999 -9999 -9999 -9999 -9999 1.85967 1.85952 1.8854 1.96619 2.11719 2.24103 2.23304 2.23635 2.69209 2.4779 3.07557 3.33255 3.56615 3.83853 4.06088 4.21338 4.223 4.16135 4.32048 4.44304 4.68307 4.66941 4.7352 4.71074 4.83064 5.13315 4.76921 4.36868 4.08079 2.90349 2.94041 -9999 -9999 -9999 -9999 -9999 -9999 -9999 -9999 -9999 -9999 -9999 -9999 -9999 -9999 -9999 -9999
-1.00453 -1.04267 -1.14963 -1.27691 -1.48573 0.372556 0.314071 0.195649 0.144698 0.152034 -9999 -9999 -9999 -9999 -9999 -9999 -9999 -9999 -9999 -9999 -9999 -9999 -9999 -9999 -9999 -9999 -9999 1.75262 1.85432 1.94204 2.18975 2.1056 2.07907 2.27356 2.38288 2.47603 2.83822 3.0799 3.47929 3.79882 4.06564 4.03808 4.28638 4.3402 4.57732 4.54588 4.67646 4.64153 4.65914 4.54638 4.78924 4.90804 4.62447 4.24187 3.89562 3.24283 2.98783 -9999 -9999 -9999 -9999 -9999 -9999 -9999 -9999 -9999 -9999 -9999 -9999 -9999 -9999 -9999 -9999
-1.35733 -1.37526 -1.50511 -1.6311 -1.68339 0.120008 0.126626 0.115122 0.0968251 -9999 -9999 -9999 -9999 -9999 -9999 -9999 -9999 -9999 -9999 -9999 -9999 -9999 -9999 -9999 -9999 -9999 -9999 1.7312 1.73258 1.86233 1.86662 1.91312 2.0236 2.14031 2.30815 2.35137 2.38328 2.90506 3.18385 3.59223 3.82314 3.94843 4.12581 4.15918 4.35049 4.67369 4.67318 4.77226 4.9074 4.57482 4.78846 4.78033 4.59644 4.29475 3.90706 2.99328 2.30764 -9999 -9999 -9999 -9999 -9999 -9999 -9999 -9999 -9999 -9999 -9999 -9999 -9999 -9999 -9999 -9999
